995
916
706
999
359
602
299
807
745
881
752
935
879
059
948
795
149
726
405
696
718
695
204
862
989
433
245
345
753
372
601
195
156
738
282
508
509
815
219
781
686
959
204
990
788
974
819
630
483
298
058
236
628
753
329
923
020
615
598
722
893
130
941
598
191
858
515
037
212
351
460
531
629
753
501
730
672
593
685
428
158
383
680
785
220
509
341
898
230
160
727
570
170
647
291
386
660
580
394
457
723
784
977
904
700
227
033
227
404
406
674
191
560
742
956
462
764
126
496
591
666
907
658
177
349
276
530
464
274
828
524
376
292
174
886
584
623
677
444
065
693
249
550
026
625
428
118
205
836
311
762
188
339
386
358
470
242
527
973
947
506
850
407
082
490
082
141
136
677
420
174
879
100
608
728
696
039
366
988
923
102
561
860
156
050
581
548
517
970
269
431
096
839
555
478
109
999
162
907
395
283
659
321
529
750
195
226
451
690
101
145
300
515
725
245
677
632
842
445
788
278
881
324
024
740
688
671
320
253
158
318
925
770
462
008
585
554
383
497
426
463
670
070
091
869
767
261
654
488
774
536
057
182
725
819
455
311
292
847
102
808
193
199
150
639
767
149
551
795
737
083
741
235
892
753
204
249
029
997
469
837
011
159
379
589
195
149
778
176
976
436
731
770
891
002
508
157
490
677
260
016
815
174
393
547
727
666
284
743
816
099
505
243
078
658
585
239
093
933
876
109
970
805
748
635
834
309
108
317
434
491
384
210
609
666
068
638
224
119
275
799
713
071
901
125
643
302
133
960
933
146
191
060
753
128
092
024
325
865
549
656
074
452
903
793
877
699
669
331
322
823
604
278
863
367
172
780
140
081
663
970
340
592
218
035
621
671
751
088
136
724
652
507
194
776
115
929
749
193
762
460
096
989
242
052
892
388
707
165
290
080
436
839
331
050
780
047
875
004
459
605
203
526
276
365
945
614
316
241
915
976
977
032
506
726
538
407
567
694
582
170
484
928
148
861
387
942
848
239
087
909
905
692
388
480
839
251
242
282
263
535
912
497
360
676
438
894
979
032
491
052
848
759
080
886
326
537
025
412
681
306
734
683
252
241
886
246
659
214
444
541
615
350
598
754
240
300
318
188
724
649
268
041
158
048
377
728
995
433
480
471
424
372
310
808
703
284
926
962
292
798
768
599
291
749
305
919
897
349
623
615
524
499
349
459
805
143
480
719
681
889
627
505
049
077
784
523
854
280
951
183
298
981
796
048
541
002
519
200
888
886
071
914
538
573
583
080
191
775
682
468
163
050
332
790
584
335
935
635
267
185
474
870
668
618
826
625
084
568
598
489
786
908
879
384
358
357
715
003
546
311
455
474
355
187
582
761
169
697
240
682
509
109
285
369
561
704
674
470
566
692
855
852
629
820
469
417
314
357
807
444
184
763
134
997
089
247
672
564
159
531
731
993
892
634
677
925
410
546
853
541
350
046
667
572
400
701
902
074
206
120
955
401
195
614
214
818
271
259
692
062
464
512
596
618
810
151
915
053
726
931
713
448
630
497
053
793
636
758
887
655
428
198
980
398
009
030
514
161
661
982
640
585
098
716
107
932
059
485
270
570
172
453
033
866
221
912
482
337
542
432
746
770
762
797
275
666
251
474
540
388
955
690
470
736
514
168
812
011
365
919
204
692
330
209
799
825
344
012
881
345
219
282
926
723
254
216
485
841
200
976
249
570
783
860
823
573
451
024
499
838
565
104
743
396
068
965
361
003
712
915
057
540
678
171
214
778
141
953
950
656
437
837
937
496
990
741
001
144
777
329
270
007
744
020
556
783
450
697
492
752
003
667
297
595
007
802
220
007
374
015
128
013
936
953
845
181
126
758
843
167
457
486
802
978
051
600
143
654
636
494
630
253
097
566
061
852
895
538
939
082
948
368
645
556
562
594
788
874
221
909
873
398
484
443
224
550
165
602
651
143
274
215
303
654
866
070
197
379
334
241
414
946
561
691
821
697
802
107
870
970
819
997
886
031
909
986
958
221
318
981
095
691
980
305
003
301
446
324
504
824
592
657
479
071
421
781
057
012
916
013
009
733
664
872
896
516
820
598
357
050
455
929
131
931
259
553
221
024
267
427
398
319
442
123
708
603
036
899
853
818
831
669
519
912
044
556
979
020
635
893
798
111
505
819
784
965
215
474
155
583
831
124
360
559
251
170
417
887
321
168
083
015
717
012
776
670
402
443
877
298
023
545
920
472
987
635
117
669
233
256
850
563
602
606
205
650
966
658
907
613
579
145
038
230
399
871
042
355
622
603
598
013
138
907
502
033
245
151
622
901
564
964
207
368
542
287
753
831
353
491
568
781
847
967
915
056
553
963
463
926
388
746
982
979
520
995
002
434
161
092
127
047
884
029
993
227
865
794
129
688
912
533
621
092
156
996
766
568
119
220
838
474
748
800
006
404
212
190
091
397
033
934
929
924
844
533
914
145
588
658
329
311
238
002
736
858
111
621
867
241
781
472
166
074
451
895
156
110
692
720
225
260
756
658
266
164
930
048
675
520
277
377
016
927
675
190
587
243
422
013
489
517
281
324
594
595
505
439
150
833
663
473
991
796
175
652
975
869
220
115
539
045
608
739
196
667
819
318
975
817
102
842
856
648
257
444
675
155
555
944
211
350
513
718
145
224
033
102
681
361
328
700
779
800
513
342
816
344
220
545
094
238
316
549
607
506
744
819
621
955
058
097
923
579
504
838
720
295
450
121
951
741
857
926
721
226
480
469
652
421
986
495
162
350
601
295
369
144
566
851
109
011
046
062
594
307
571
438
009
832
426
725
894
240
083
801
615
658
849
513
191
679
794
043
035
436
719
656
068
599
627
610
528
868
279
865
671
147
951
410
820
845
235
026
826
055
129
180
634
229
855
124
333
248
998
105
649
851
030
117
706
853
576
967
615
550
160
496
116
943
711
074
637
082
252
612
955
066
116
571
335
384
542
420
194
971
504
597
758
655
375
894
868
047
741
200
004
992
792
608
621
853
288
366
211
574
374
800
638
186
543
837
128
892
281
285
115
955
611
943
247
680
016
159
163
435
502
044
393
474
223
802
152
745
037
386
030
130
283
333
182
664
525
665
291
946
894
349
870
132
857
740
930
641
771
260
685
173
559
791
744
201
698
555
753
110
283
408
434
282
110
254
174
147
299
591
152
292
520
158
115
604
261
287
457
998
679
274
434
816
805
159
460
582
740
197
558
673
771
459
480
420
223
217
481
446
404
738
756
264
842
805
209
068
228
564
677
614
805
288
209
343
325
366
448
210
960
903
531
800
741
540
530
158
194
269
307
417
537
219
796
593
598
841
385
768
167
297
230
867
558
587
669
770
130
596
559
546
936
998
046
749
593
844
760
161
182
580
985
292
708
559
048
149
562
739
812
376
546
997
055
318
414
159
010
256
585
826
994
213
699
266
498
972
767
017
843
508
852
882
901
020
618
653
888
332
756
183
788
288
682
529
743
971
747
955
247
313
668
149
035
879
569
879
528
232
786
170
202
725
475
923
003
681
666
327
080
758
606
166
976
504
361
642
945
336
183
787
883
430
025
586
334
094
084
489
208
284
860
564
135
618
107
272
493
702
343
266
256
234
712
800
647
137
328
005
541
302
861
453
015
084
804
639
852
109
691
023
442
484
032
428
880
383
659
165
919
322
630
989
229
441
446
439
328
236
584
996
102
808
619
737
582
972
167
843
741
659
469
960
872
898
886
592
005
779
061
041
660
691
268
383
892
698
348
231
124
014
501
463
398
435
099
088
525
544
617
568
072
424
791
572
157
615
765
803
346
776
481
659
977
710
480
895
164
058
377
287
162
714
515
410
073
198
678
024
997
915
036
185
925
175
571
515
129
367
459
471
426
375
620
266
036
450
972
063
801
114
064
045
682
024
272
943
514
511
554
049
001
901
343
543
253
147
339
093
889
625
435
597
988
506
541
523
470
591
242
046
131
630
202
036
063
656
535
399
333
205
239
159
429
785
753
396
287
335
039
874
588
064
994
094
304
908
696
982
133
804
300
776
872
218
502
367
926
231
098
401
537
853
058
435
285
776
612
615
323
328
930
554
249
658
669
807
518
496
051
910
733
369
561
854
571
281
966
782
637
326
507
513
881
066
404
922
458
779
215
161
206
497
433
635
560
048
421
331
441
641
453
937
786
581
404
746
196
839
783
539
659
500
117
593
468
666
583
278
152
174
143
616
497
169
347
925
953
127
445
695
275
226
706
405
285
200
240
409
320
895
371
596
556
358
353
153
992
663
903
058
549
819
659
103
373
484
851
211
918
427
523
991
884
203
108
857
502
239
433
212
874
129
205
546
491
264
001
584
173
696
684
043
349
942
820
704
172
354
981
035
142
864
314
629
569
645
660
156
824
724
578
015
362
811
850
032
315
810
725
743
143
695
643
162
000
635
109
087
548
019
252
258
804
228
061
192
467
436
552
692
711
992
805
763
912
954
724
005
165
668
532
423
793
605
087
187
573
030
448
549
285
789
261
782
337
203
524
333
631
401
111
656
969
041
159
185
843
940
334
134
110
355
467
161
239
094
001
986
454
033
285
587
963
692
592
542
711
663
063
264
498
421
685
262
173
976
827
046
890
581
506
148
069
146
554
536
681
301
026
364
111
676
690
886
507
184
207
862
555
975
665
061
671
927
538
223
116
787
633
553
867
381
818
627
304
389
852
996
358
827
873
278
154
047
908
289
160
258
307
222
983
934
868
316
688
456
583
850
022
688
930
464
908
410
554
445
267
483
510
581
847
254
435
599
777
856
994
804
225
894
009
051
416
753
660
422
294
361
082
992
409
518
963
930
428
549
466
678
388
563
392
362
614
207
005
897
613
593
678
449
595
936
616
216
618
268
306
508
248
791
321
362
809
604
790
804
434
412
762
822
984
967
009
804
906
144
560
179
982
749
340
821
504
535
495
545
835
900
281
683
796
553
710
598
871
473
413
700
040
591
589
838
243
400
350
342
948
252
212
052
651
394
393
359
079
392
651
478
818
384
521
956
921
282
727
841
198
785
929
102
332
212
992
246
437
639
402
247
522
929
228
073
126
693
703
398
716
145
277
478
715
802
781
501
740
246
529
878
808
456
004
758
398
263
319
326
699
209
589
282
334
648
950
681
628
613
175
359
565
332
424
541
850
890
776
956
197
725
576
451
437
006
084
765
930
855
377
353
990
041
748
190
620
587
269
769
169
604
695
421
027
978
997
997
720
186
078
590
305
140
625
887
360
836
539
453
334
949
799
262
798
601
899
941
301
289
346
649
170
302
237
547
151
157
860
316
742
251
565
323
270
828
301
720
631
935
688
340
200
843
658
337
293
821
581
820
060
490
371
975
114
833
834
225
601
954
300
241
603
346
635
237
716
596
295
411
774
671
347
172
089
775
612
978
031
050
414
290
604
114
366
787
580
404
465
265
523
244
882
506
912
006
093
563
836
021
443
393
173
038
264
878
815
176
125
799
310
458
871
970
246
074
235
554
521
714
120
730
262
576
580
477
862
500
145
124
185
764
547
298
222
858
734
418
108
843
137
870
470
820
158
755
918
374
724
612
628
550
045
920
118
202
604
749
870
812
626
398
731
052
101
679
084
903
085
100
573
906
107
861
065
423
801
880
284
267
163
193
400
614
060
434
749
829
309
295
865
872
038
241
684
319
576
632
250
704
781
361
493
457
711
514
185
234
798
989
825
606
352
911
153
142
777
914
510
409
696
967
834
066
926
054
404
925
527
351
758
436
696
163
119
947
790
950
695
266
399
219
067
762
067
170
246
529
055
501
704
884
862
855
250
668
153
326
646
378
985
960
630
777
125
665
923
725
170
741
511
061
209
118
394
469
894
975
713
329
783
117
012
140
714
725
747
865
559
399
349
024
930
021
688
291
460
104
042
548
589
410
554
101
598
168
324
208
416
752
843
349
411
648
424
276
906
636
984
762
396
200
514
015
185
271
015
847
762
951
738
327
753
905
356
065
906
708
726
609
453
737
561
013
181
731
327
885
162
844
036
392
133
700
967
647
685
364
813
522
067
052
140
012
347
783
478
336
196
731
887
286
923
883
385
005
912
379
994
309
135
532
024
205
871
580
085
910
312
850
519
667
859
353
315
610
792
823
689
907
082
355
031
867
415
141
264
710
721
849
780
650
759
829
702
880
122
710
697
028
706
711
734
190
971
286
072
013
239
420
901
584
355
836
102
909
138
528
276
639
947
994
751
052
743
021
657
716
729
292
592
799
172
404
660
360
135
478
863
649
864
859
748
221
635
118
081
324
259
665
607
037
541
960
033
208
641
523
533
719
612
985
284
062
208
605
151
854
585
120
575
841
786
372
247
250
280
376
018
867
182
184
456
666
937
158
635
613
862
918
676
958
484
842
990
334
502
612
474
864
155
388
308
309
039
807
667
219
932
026
649
410
877
897
411
767
671
432
411
169
403
788
260
719
088
970
500
989
464
131
544
175
605
749
239
727
175
961
233
359
152
095
183
547
153
712
510
880
226
605
512
721
185
486
323
011
272
551
362
716
933
834
927
867
798
853
644
094
113
956
654
895
673
950
238
865
826
842
931
662
132
390
222
742
282
381
417
936
221
927
752
062
991
665
802
345
364
227
979
920
472
681
420
997
346
495
641
042
367
784
159
570
538
404
639
118
473
327
947
563
919
447
105
418
822
485
009
820
240
433
500
298
618
509
990
102
495
831
050
895
994
418
632
764
786
237
840
925
455
113
507
002
041
547
182
227
541
453
059
226
566
855
194
620
072
504
535
988
150
885
084
261
607
214
077
249
814
584
149
911
986
206
955
917
889
204
961
913
513
498
608
986
021
420
671
615
047
121
186
351
913
924
056
495
520
160
431
293
265
178
866
114
532
397
072
618
549
467
098
762
017
288
975
032
755
794
982
537
344
754
973
214
316
426
359
685
392
675
913
343
131
841
825
708
384
447
112
447
542
580
815
925
836
887
228
903
123
985
208
299
373
058
834
210
540
603
679
396
987
251
512
420
835
094
340
225
593
798
049
478
668
298
886
588
615
692
840
566
911
325
580
311
190
757
772
430
362
391
704
290
231
458
876
676
560
232
425
539
821
527
562
992
036
762
357
558
450
114
465
745
187
037
438
973
021
698
914
846
593
882
833
232
671
486
593
675
969
972
248
323
897
574
071
089
572
197
209
611
371
037
190
525
931
399
779
462
529
459
693
875
405
641
926
723
377
142
986
882
107
594
013
285
554
181
730
909
067
311
324
580
871
381
082
938
328
564
583
040
246
152
963
720
467
462
677
988
254
481
269
226
320
427
084
729
752
376
749
262
005
626
439
094
166
861
233
073
043
225
346
515
834
782
942
143
339
866
604
128
341
968
056
358
957
637
729
686
612
171
131
149
481
685
115
402
650
254
886
719
498
175
219
292
085
433
920
681
304
608
881
448
265
411
317
753
138
640
337
759
693
888
930
427
269
375
509
933
010
235
409
384
425
419
294
256
914
023
158
113
346
513
407
425
919
364
959
638
591
339
963
369
015
271
944
333
677
160
145
757
012
957
743
030
658
049
625
134
250
632
338
498
000
787
621
544
133
815
159
259
298
673
423
133
367
654
685
764
861
686
274
341
773
969
153
959
220
890
051
577
987
681
030
537
492
452
315
168
420
680
207
264
724
835
929
345
946
353
879
956
237
917
051
189
699
098
498
934
007
615
668
751
600
526
924
010
796
975
611
647
970
079
899
280
326
224
551
862
198
940
321
746
874
001
902
416
869
439
643
345
345
106
094
188
261
720
842
596
398
400
195
552
182
899
691
915
434
497
526
736
453
813
983
793
097
537
978
640
001
604
552
534
314
426
652
530
400
892
655
609
209
401
886
805
865
596
934
635
534
988
688
796
012
718
901
958
009
767
098
232
348
628
138
819
944
183
493
530
249
159
367
470
482
964
053
342
239
408
280
642
034
033
146
622
586
899
878
967
933
877
086
669
159
448
998
878
169
160
651
488
320
611
938
752
594
039
567
346
507
261
652
821
243
689
433
425
660
609
085
828
020
745
129
120
900
508
903
503
005
458
585
318
403
114
350
697
965
964
977
269
598
839
112
490
524
478
459
495
951
543
499
445
732
826
509
776
024
155
025
672
742
144
656
123
187
080
578
308
855
450
879
968
331
574
483
899
439
283
486
024
416
735
082
532
559
964
616
923
142
692
975
473
100
664
662
152
939
096
978
086
175
050
412
379
456
402
100
136
659
159
194
969
426
304
584
300
721
306
273
292
868
541
658
286
057
701
150
958
566
438
302
893
491
614
743
052
911
501
202
122
765
612
367
996
838
592
046
831
035
055
963
589
768
538
949
664
434
565
508
327
309
200
582
332
423
939
677
552
390
917
469
081
016
715
047
651
712
711
202
029
389
208
821
158
404
376
860
371
696
581
341
256
355
771
402
086
956
100
874
036
067
015
692
734
313
526
079
481
113
875
799
859
928
141
162
834
854
987
025
701
798
073
489
536
629
472
054
759
829
116
110
818
511
587
720
279
910
773
154
076
185
346
493
932
477
095
395
795
434
845
952
911
218
358
066
207
096
698
820
348
809
277
362
062
367
324
619
208
172
612
190
910
236
267
133
547
557
449
086
214
278
300
252
881
255
361
307
183
312
053
602
600
988
171
107
036
473
609
666
158
260
410
746
804
205
717
600
699
000
286
876
405
454
173
210
248
800
539
367
918
707
137
143
685
168
277
979
332
929
031
903
696
400
849
092
935
717
985
232
401
125
270
111
683
565
439
889
425
806
738
759
087
130
613
798
696
779
771
569
121
958
331
149
243
827
436
692
899
647
907
625
172
943
095
698
457
488
340
765
060
323
875
145
688
252
869
231
311
013
641
517
133
794
433
810
813
291
674
284
193
281
219
170
417
377
540
733
409
503
911
871
359
329
315
431
040
236
056
255
282
637
885
018
683
582
935
634
342
597
874
935
996
103
714
725
929
112
106
846
546
171
530
372
808
016
798
452
785
411
983
646
724
405
927
518
056
037
961
563
665
537
749
180
060
938
899
273
866
696
348
545
994
216
041
873
693
304
135
066
389
706
174
947
639
828
521
651
024
449
306
334
462
005
607
413
873
092
019
760
090
316
817
108
814
372
400
668
780
007
436
901
669
981
773
904
332
191
399
455
007
668
699
575
824
711
106
029
992
980
606
650
937
835
920
987
313
844
424
637
078
255
977
680
654
653
027
647
646
363
528
943
839
084
706
144
662
862
522
013
913
717
927
452
791
203
651
768
480
165
647
782
306
007
118
242
755
766
609
140
984
404
285
575
135
007
038
291
908
134
161
116
775
709
956
668
087
743
277
357
399
629
605
162
393
853
138
654
563
698
547
604
862
995
993
686
306
847
759
090
277
720
085
696
163
827
442
244
210
540
857
299
875
833
247
982
021
597
457
452
512
464
890
170
221
532
881
059
501
832
081
206
362
098
301
308
257
794
588
603
697
550
036
403
889
017
949
073
711
745
913
169
475
160
677
613
993
053
008
423
259
331
853
581
345
170
929
070
699
114
353
878
115
119
560
538
723
015
773
636
242
117
715
834
964
408
374
142
300
568
208
646
694
799
057
953
660
447
384
238
482
045
632
615
712
148
454
026
032
196
412
442
931
357
921
584
673
874
891
766
447
718
471
151
216
681
875
872
268
276
892
636
045
435
357
571
363
315
588
475
293
071
482
084
064
420
116
016
700
089
876
990
543
331
382
595
876
331
226
499
576
294
131
470
356
882
518
352
267
755
801
577
383
269
009
869
631
720
279
730
851
692
275
645
143
398
818
907
360
429
477
628
792
359
789
384
671
650
904
013
873
227
174
793
952
082
137
609
772
476
400
828
035
083
924
548
875
416
628
787
014
918
911
933
722
496
166
391
762
490
596
463
539
671
180
040
390
975
418
385
781
879
363
771
982
318
639
195
815
953
905
941
684
912
228
631
615
927
694
752
622
613
331
157
945
916
948
623
028
040
044
324
973
367
870
651
288
518
756
890
640
383
704
016
083
167
141
592
925
351
356
344
841
453
441
656
615
571
646
760
329
785
503
740
957
392
263
072
829
441
557
018
532
216
516
324
679
336
236
137
561
198
719
857
455
857
071
795
284
542
801
435
503
323
090
851
152
982
363
556
073
670
103
158
124
117
061
071
084
112
214
611
776
056
422
106
607
409
874
576
110
176
448
456
007
901
229
693
965
290
037
833
345
726
252
030
742
320
385
395
948
160
227
055
610
130
515
323
827
801
596
708
262
752
395
565
286
407
179
893
572
073
947
180
579
111
274
093
494
500
811
454
546
019
423
203
753
105
050
332
092
660
023
721
078
965
773
686
154
362
927
574
556
403
890
097
065
556
477
205
422
332
721
185
283
580
575
982
028
695
359
074
172
503
775
251
565
382
828
477
747
868
138
130
093
379
463
601
727
440
564
811
296
603
998
417
067
877
129
919
372
483
999
797
891
276
828
301
615
120
412
619
906
800
865
163
445
784
516
179
676
063
609
396
222
509
225
553
786
443
126
199
530
278
860
622
562
917
481
701
614
476
015
995
185
467
233
389
125
976
082
929
550
431
571
254
355
145
558
196
078
259
701
775
412
465
726
569
466
643
773
983
745
988
398
427
515
914
771
567
433
459
481
835
762
456
908
286
229
538
340
331
237
443
642
028
807
935
807
559
486
944
716
973
875
545
559
319
130
060
810
659
267
978
066
152
202
093
573
068
520
757
713
558
957
772
492
946
091
439
780
091
425
648
947
025
984
501
154
573
519
679
639
619
551
252
067
790
966
615
507
026
078
219
466
472
747
770
403
210
230
677
861
086
446
522
524
365
159
288
640
514
165
175
897
557
468
078
882
022
558
144
135
724
416
775
327
525
672
653
253
851
430
661
226
657
164
847
667
918
284
974
195
964
927
466
659
504
316
500
062
151
025
278
359
064
301
658
055
250
376
301
036
506
306
299
912
297
053
585
077
017
903
081
732
596
066
343
456
620
260
040
569
764
322
127
263
235
725
112
143
214
634
989
370
168
534
213
819
506
425
699
861
583
659
270
947
482
382
316
652
433
055
224
336
434
840
724
959
449
978
385
091
255
029
466
291
187
644
798
571
421
375
240
371
087
324
155
698
546
333
789
531
713
595
038
788
030
629
116
619
798
938
172
807
946
795
386
237
969
870
363
414
379
174
965
747
677
492
541
572
874
199
476
705
552
151
483
299
080
637
416
733
828
443
939
676
197
938
035
259
184
472
213
210
401
485
555
632
980
128
685
184
115
307
944
832
180
717
379
045
868
550
122
172
077
518
400
906
530
113
390
306
308
514
144
145
297
624
688
257
597
713
269
166
299
337
132
835
632
359
975
327
482
040
947
441
982
503
329
598
499
574
552
189
877
377
647
041
422
576
854
641
609
791
777
685
471
154
702
860
932
589
174
350
090
644
191
679
695
886
305
170
209
238
398
041
399
435
435
803
595
670
958
253
275
177
807
350
755
002
873
869
310
636
269
897
842
782
543
337
626
358
883
604
924
592
403
084
808
349
295
755
431
457
894
291
972
345
749
151
029
466
890
018
348
745
734
774
598
373
348
578
955
157
902
877
577
966
335
115
648
602
118
287
010
356
371
891
114
476
441
226
839
763
349
962
126
379
553
400
816
420
766
357
131
135
184
796
269
506
578
653
142
120
636
907
531
610
743
883
695
607
947
440
002
814
817
433
129
886
117
461
782
715
206
987
526
828
432
375
422
102
087
372
745
999
151
934
520
869
349
541
762
126
018
061
593
349
753
252
882
115
919
422
486
408
944
178
367
429
064
916
384
034
646
774
737
759
435
040
804
835
998
920
791
499
857
364
410
811
660
054
291
110
357
825
005
040
175
977
257
173
201
589
556
173
597
247
373
524
511
930
587
837
490
954
776
088
047
215
774
085
758
184
994
053
256
512
553
268
483
074
136
512
113
040
351
551
583
514
830
422
368
480
682
394
004
202
463
709
395
527
768
929
135
315
702
820
189
128
793
802
438
620
563
700
887
206
577
625
540
846
679
176
242
603
214
397
345
617
320
669
935
011
935
472
459
680
240
602
760
920
156
527
915
521
419
650
150
524
352
880
483
910
415
169
465
679
918
385
568
398
975
046
246
003
628
594
432
158
636
983
444
266
171
701
884
740
808
695
487
104
297
242
646
632
231
305
716
109
432
103
531
952
014
281
798
210
993
714
400
843
017
229
631
637
625
066
167
901
715
006
584
471
855
680
052
720
855
843
223
899
934
092
235
298
397
864
305
791
020
960
958
898
152
834
871
068
405
311
444
046
966
217
940
659
129
149
788
846
974
614
686
753
344
337
741
092
879
876
366
448
475
328
727
563
045
917
135
994
714
239
391
605
534
597
560
853
044
192
533
397
523
563
972
174
711
409
600
513
750
665
835
857
513
868
527
159
543
703
397
172
777
313
865
281
960
510
079
056
798
064
028
421
254
835
014
410
222
348
557
047
062
348
778
663
577
158
633
686
416
483
321
346
419
706
946
632
743
277
607
041
079
738
605
962
478
579
990
470
409
936
395
652
673
885
263
603
299
482
024
039
804
464
227
317
676
218
182
344
156
521
468
996
871
938
520
007
042
314
718
478
834
146
888
603
802
112
793
402
165
603
854
634
448
504
910
554
117
399
636
278
137
899
450
645
956
648
175
680
487
152
027
147
437
551
721
230
037
190
899
617
163
080
112
822
175
734
350
526
964
330
650
595
385
016
510
529
918
048
367
414
668
565
547
899
868
053
432
130
202
327
552
444
565
807
186
747
399
305
051
088
701
968
614
188
618
552
405
075
547
880
529
215
980
094
861
518
632
736
351
952
936
719
284
598
297
137
047
488
714
213
718
235
245
685
582
026
987
672
285
286
383
087
664
149
199
266
191
842
116
993
405
840
983
271
073
055
741
003
394
705
100
072
285
239
392
499
464
122
014
838
856
570
670
062
743
960
689
404
900
140
966
221
883
783
630
916
389
610
952
868
648
911
722
580
977
986
888
753
962
610
036
439
231
839
399
553
124
970
065
575
050
347
354
733
180
685
670
996
918
207
436
748
624
037
736
574
672
131
491
006
975
119
649
356
861
504
027
921
114
519
159
100
238
632
879
325
769
914
433
226
854
486
031
990
963
541
915
467
315
474
100
882
516
162
054
068
895
652
984
395
552
261
383
707
041
834
119
364
567
643
718
192
158
970
732
893
276
760
821
298
639
714
256
262
594
991
714
721
467
011
549
076
507
897
046
152
348
270
700
839
371
528
430
714
469
390
941
747
154
198
303
178
226
140
757
695
729
384
866
121
557
293
953
413
842
389
279
730
171
086
200
527
193
534
410
171
250
376
197
739
964
226
199
041
089
524
486
635
068
742
152
358
250
885
716
781
970
724
036
418
590
944
133
294
444
555
912
025
402
513
722
306
646
033
277
172
761
048
360
691
987
737
569
795
736
671
063
645
842
781
356
230
311
120
878
996
431
577
763
094
862
070
252
564
431
843
494
065
807
001
149
996
168
972
027
994
651
910
578
656
526
861
914
676
545
495
986
009
664
943
838
884
722
023
992
862
888
918
686
363
698
322
738
255
613
641
959
436
439
080
646
242
367
548
981
515
316
250
434
364
987
806
372
800
162
209
967
230
202
017
781
163
353
539
084
708
620
026
193
464
961
780
142
225
364
709
399
181
477
230
245
446
399
507
163
406
699
599
548
664
368
749
388
330
022
161
661
355
844
010
615
683
036
709
336
193
048
963
401
739
406
216
330
345
424
618
003
639
756
735
944
265
004
795
336
591
550
307
321
732
821
726
248
111
322
606
694
669
458
750
943
462
941
327
235
654
264
020
594
627
160
351
253
867
277
535
802
829
312
513
895
331
493
134
213
298
327
704
046
163
245
589
992
922
400
622
449
184
250
252
482
241
369
071
040
563
889
654
210
118
579
130
466
213
318
261
953
075
897
826
112
890
920
844
324
276
915
334
441
607
633
311
881
889
324
348
635
768
223
572
777
116
719
642
280
150
436
725
547
548
195
690
096
708
360
603
983
146
316
779
550
472
269
398
824
257
113
927
022
668
153
844
289
486
054
148
533
444
797
176
445
651
508
827
909
281
157
199
446
970
702
940
752
381
060
264
534
221
559
185
123
740
935
292
388
516
857
507
538
635
755
740
372
978
473
102
960
446
178
203
144
412
726
394
554
597
840
118
689
893
636
572
726
677
147
629
565
168
085
097
156
550
169
599
338
653
734
385
461
078
558
039
012
430
117
751
853
781
466
972
718
636
863
970
653
169
440
574
993
377
228
266
312
793
376
648
675
121
996
312
692
812
973
216
888
230
366
798
597
371
575
443
704
154
098
063
072
240
170
891
281
448
582
051
994
328
094
000
257
254
193
212
532
563
845
861
197
982
218
716
138
268
976
523
386
376
845
643
421
451
079
005
392
907
444
116
437
372
666
244
313
977
332
280
059
204
284
325
383
849
324
256
970
261
772
400
031
965
373
790
139
565
314
747
184
232
261
960
360
754
491
448
122
008
067
671
113
179
187
456
903
462
871
116
243
012
103
036
452
344
784
758
655
071
978
618
314
326
976
824
039
619
764
517
698
606
171
466
375
841
264
888
002
671
639
049
027
565
324
903
903
288
070
494
089
594
405
772
209
445
190
977
371
759
342
800
494
788
433
581
040
365
435
332
305
976
866
826
469
335
830
489
901
903
995
651
368
174
323
702
757
822
066
665
646
484
349
627
681
600
312
198
027
578
320
952
253
186
418
188
513
222
395
339
749
419
083
839
161
480
620
814
313
075
444
846
001
282
274
495
528
724
685
817
928
302
964
350
356
711
656
784
027
039
848
006
070
617
005
381
224
732
027
113
510
989
930
179
572
156
152
470
424
137
284
133
320
149
230
717
464
199
065
602
254
981
581
651
884
601
223
394
202
316
005
945
939
631
794
707
929
210
499
530
194
860
779
974
695
785
306
290
843
865
147
022
680
289
165
410
714
418
648
542
998
951
694
104
092
187
453
350
619
092
638
076
818
320
443
325
218
990
644
460
033
245
439
000
494
961
385
745
333
472
982
582
170
025
651
754
673
146
722
791
742
789
256
738
727
364
832
097
779
779
445
570
199
806
613
315
110
875
836
441
699
340
895
598
147
313
981
688
736
168
228
563
970
107
816
141
072
372
320
411
635
407
537
891
803
364
022
879
597
995
747
662
381
475
923
836
784
052
944
070
386
431
637
585
546
253
656
502
035
784
966
686
153
758
120
339
444
721
845
549
419
807
785
670
052
026
742
069
273
782
186
606
314
236
638
568
193
590
440
440
377
701
669
505
166
020
404
369
937
337
172
268
046
558
384
446
218
906
492
836
430
857
767
265
129
801
818
225
989
925
864
633
928
880
747
134
305
720
980
091
303
724
550
641
014
674
213
827
962
372
922
094
930
882
721
909
044
205
199
669
655
005
214
638
426
742
490
506
825
981
184
146
835
108
217
387
426
701
314
742
123
861
963
082
836
584
591
807
089
518
846
484
233
119
069
444
049
213
350
839
272
304
816
971
683
719
284
482
799
670
431
080
382
548
615
693
127
114
524
969
730
253
325
961
648
796
084
902
524
717
072
027
616
193
862
908
471
176
644
040
538
420
369
296
081
111
410
103
449
389
688
088
611
922
197
270
244
316
303
567
468
105
783
546
182
063
503
502
364
563
245
653
167
601
501
632
122
246
239
214
996
143
285
922
037
000
052
951
074
097
119
873
868
643
609
308
368
550
071
537
155
022
070
805
990
680
166
045
684
437
279
124
969
434
715
272
892
438
418
133
456
441
587
233
431
092
438
057
084
816
046
622
806
940
554
373
434
851
816
755
333
722
806
709
486
321
539
026
915
119
964
434
699
618
899
163
714
559
116
488
028
738
045
344
632
986
107
073
601
992
261
525
663
344
113
100
452
640
526
270
686
008
976
445
766
532
243
373
567
872
540
424
528
028
080
790
097
318
052
361
385
560
652
854
648
051
467
288
087
038
723
370
359
855
323
599
421
205
663
559
094
012
225
850
790
654
919
785
164
932
786
791
914
280
007
935
779
853
062
453
138
012
624
596
807
069
277
874
288
511
524
134
405
872
417
202
143
993
148
595
921
984
555
523
310
250
288
487
716
871
058
627
046
897
505
505
641
412
114
066
844
492
080
594
378
666
631
747
983
376
910
608
040
521
457
423
522
320
858
520
366
488
058
840
709
104
000
016
188
796
819
891
488
932
275
783
605
499
423
765
717
407
630
821
453
454
271
064
496
824
420
062
267
430
136
259
763
533
353
546
186
309
369
784
575
543
994
127
695
473
905
547
881
165
197
930
080
362
993
138
656
243
199
803
151
906
316
334
186
710
223
938
255
036
333
222
350
916
534
330
874
620
833
012
512
960
137
925
502
894
030
981
669
018
499
197
250
000
867
748
337
376
317
072
640
473
468
176
373
546
937
383
252
725
750
988
411
976
761
910
203
325
176
111
403
449
343
960
482
998
632
705
976
662
281
553
983
082
917
784
658
379
404
140
933
027
332
747
468
547
831
311
796
692
634
977
079
408
188
655
875
601
594
333
572
623
864
869
303
683
520
732
945
894
535
689
008
445
610
333
942
075
503
561
726
328
235
773
273
536
564
759
162
519
955
343
031
327
206
304
504
947
412
854
149
767
073
964
161
285
746
267
593
265
670
194
542
074
097
640
794
110
716
160
640
209
839
961
578
743
742
164
635
399
826
008
523
125
845
427
632
830
319
754
282
893
550
096
472
171
349
464
164
254
755
768
289
209
810
949
180
479
945
407
033
074
118
615
581
079
718
017
401
875
408
029
572
170
485
157
542
529
080
406
153
549
916
527
302
978
294
331
994
054
077
397
030
616
386
154
415
801
998
473
438
437
168
690
559
494
207
346
761
535
190
993
395
112
615
068
633
110
334
962
890
677
959
203
053
477
731
577
970
687
176
862
252
450
409
911
546
867
418
076
005
509
549
406
122
837
405
922
236
696
978
128
111
256
235
946
951
555
907
270
380
751
831
674
142
576
100
366
620
726
631
652
622
331
362
144
210
072
680
701
708
373
607
406
820
212
954
492
700
602
833
152
349
206
447
328
827
632
547
381
657
825
227
983
054
293
479
471
252
194
333
788
010
464
997
199
037
521
981
940
823
604
140
612
801
339
959
051
375
930
728
065
909
049
707
135
412
403
885
345
170
416
004
627
291
224
427
046
362
635
517
178
118
108
821
620
570
213
093
345
616
627
741
322
897
780
696
165
387
831
339
234
283
846
711
518
717
301
089
094
373
882
154
248
963
571
650
870
692
793
139
319
428
492
073
192
993
964
873
742
777
836
676
810
925
249
518
529
686
888
312
744
223
935
333
544
773
776
413
747
853
974
259
517
588
731
521
597
621
100
498
717
627
930
789
145
361
610
106
573
226
022
439
800
919
227
177
732
189
247
323
890
596
010
551
049
708
216
561
528
297
922
434
777
195
549
641
722
750
153
833
209
428
750
802
167
058
835
725
017
960
600
314
356
836
440
462
187
124
353
153
884
426
272
175
705
411
872
393
313
472
092
651
147
158
037
937
793
044
333
146
303
925
157
197
910
486
577
180
363
058
007
112
151
803
491
006
194
654
196
982
431
715
440
920
714
007
798
739
918
880
157
407
400
042
180
310
701
415
194
230
761
366
194
218
626
885
686
733
749
748
133
230
754
056
701
020
743
613
500
328
543
841
479
673
976
736
402
867
314
077
148
174
508
342
119
784
152
776
355
598
261
687
988
375
791
145
574
687
971
141
705
129
910
481
441
715
810
470
136
774
991
002
054
322
866
632
833
013
797
243
165
600
978
662
253
234
677
338
298
055
148
852
283
397
134
418
513
395
356
860
497
361
724
837
056
111
082
281
764
488
916
764
266
218
628
272
286
209
918
469
811
652
046
446
698
662
699
521
012
109
170
115
920
043
959
857
953
593
866
791
834
577
373
066
648
856
558
120
646
313
751
608
344
516
341
087
611
140
208
238
086
636
971
401
464
426
262
621
088
760
612
163
422
416
661
503
521
615
770
377
255
798
274
745
924
360
020
765
841
503
223
014
417
766
332
029
758
133
879
954
189
047
695
300
630
192
472
897
641
934
735
467
997
330
487
017
749
090
212
443
802
286
942
843
866
049
511
859
186
287
443
451
147
076
083
613
971
545
691
360
278
034
160
139
141
406
179
362
164
610
850
786
730
600
483
462
830
438
652
147
643
159
039
648
686
216
023
941
498
138
817
015
873
231
824
308
054
383
342
782
269
947
008
501
440
315
727
300
385
568
793
970
924
559
195
249
395
191
677
919
020
005
916
011
190
233
932
940
038
462
226
853
493
880
039
187
545
767
420
400
185
454
603
576
213
337
511
574
152
734
756
598
656
878
078
938
106
061
052
132
382
205
134
159
663
263
275
019
779
816
864
236
792
515
072
043
579
034
438
573
082
577
746
458
237
325
479
759
832
336
162
502
579
774
986
250
392
934
191
507
762
604
036
517
497
164
668
804
187
758
607
806
441
254
728
097
006
565
509
773
841
649
120
268
467
397
631
281
860
916
049
277
561
322
638
189
201
822
944
601
019
844
436
621
741
925
218
268
452
681
211
126
362
619
802
995
266
419
515
278
269
387
097
278
096
891
637
804
726
772
968
365
447
287
710
429
552
709
502
087
234
352
748
125
310
239
535
004
695
302
169
086
092
666
672
172
576
207
750
460
900
998
496
398
100
808
989
681
298
104
899
537
442
764
804
119
361
919
245
892
581
517
059
032
616
290
232
167
381
737
334
993
876
942
609
405
346
489
321
278
496
775
880
593
269
289
477
918
205
624
516
167
672
602
419
054
757
508
367
175
161
862
901
711
696
184
442
764
779
624
940
032
283
826
022
784
329
190
659
771
822
979
779
292
743
739
715
232
691
320
855
585
373
112
179
641
532
685
029
269
463
248
987
038
633
947
035
870
739
515
365
657
916
043
842
623
342
825
378
436
317
147
619
842
166
269
682
196
645
297
896
793
541
057
731
645
216
699
575
611
256
622
268
052
191
569
522
730
822
068
907
820
500
710
648
523
237
141
870
780
287
162
445
797
136
068
512
311
166
585
767
578
161
253
428
311
381
954
883
470
858
150
999
855
965
352
238
442
901
580
453
049
036
313
184
517
308
412
435
810
023
424
194
838
775
999
858
794
744
415
270
839
934
995
968
713
529
007
274
305
897
684
207
065
673
518
127
458
383
124
172
542
930
031
877
920
805
452
594
050
379
155
503
883
505
866
968
021
071
711
672
801
980
878
960
323
549
423
340
965
126
323
993
446
424
828
231
996
675
794
482
388
118
948
795
164
751
898
314
277
192
739
972
741
696
551
192
023
173
691
660
545
366
730
978
583
153
014
237
646
774
068
111
809
062
632
231
149
772
306
810
663
861
682
868
005
690
579
573
755
010
570
855
011
572
029
196
446
454
080
152
845
013
896
296
883
119
534
664
467
170
148
114
182
928
907
249
053
207
408
670
641
709
722
651
978
365
296
607
533
161
397
543
230
705
011
769
948
103
969
618
751
776
464
458
880
254
097
974
787
099
262
235
378
155
079
921
157
045
860
962
063
258
895
049
527
803
364
807
628
656
696
967
641
633
035
794
975
251
747
495
151
989
736
790
333
402
872
100
881
835
842
131
471
429
090
887
884
898
626
835
388
390
509
565
209
990
116
779
810
767
561
729
649
675
835
944
644
661
668
397
981
398
442
725
697
880
348
511
797
595
259
220
439
624
809
355
838
308
083
974
849
262
855
431
549
618
407
866
008
172
537
152
711
781
829
561
549
124
866
357
752
032
908
271
247
242
748
900
115
143
330
148
164
129
659
701
569
898
856
233
070
486
962
183
024
968
970
581
936
830
220
704
487
907
817
329
867
907
377
638
401
188
941
035
777
577
861
524
101
234
275
501
874
937
983
570
529
351
417
330
952
994
836
616
086
631
457
872
186
556
536
409
006
832
823
252
778
905
355
217
919
511
882
551
368
196
039
518
383
677
829
773
852
328
491
709
997
778
937
680
187
119
315
838
313
480
387
072
107
638
283
475
016
622
046
270
371
247
007
891
903
179
610
242
596
804
991
414
216
686
458
760
895
446
207
636
521
421
822
923
134
326
160
673
065
606
912
989
753
467
657
366
573
923
696
757
880
457
579
534
270
029
083
932
013
916
093
113
727
806
388
702
631
857
264
104
427
520
145
436
210
612
542
220
835
826
273
955
087
740
731
511
600
585
029
668
027
883
297
710
965
437
778
647
367
791
993
323
470
058
181
697
225
017
989
340
003
628
622
995
577
832
522
577
601
881
176
656
737
497
585
384
889
727
744
070
130
049
107
763
610
685
805
905
839
716
132
836
601
109
985
426
088
794
870
953
885
313
151
733
365
966
722
493
054
719
882
109
024
806
178
847
789
621
541
082
232
179
230
531
438
682
979
062
105
286
235
912
563
931
565
630
596
935
712
374
049
574
998
238
297
647
156
107
861
922
784
752
319
412
199
527
058
368
057
344
058
066
480
045
961
918
257
107
151
324
392
864
208
893
708
556
257
779
841
371
260
174
703
514
137
089
252
463
928
479
895
561
164
170
512
085
088
082
628
003
161
948
238
792
564
178
356
017
365
060
172
473
065
267
833
931
899
694
664
259
307
554
372
484
195
409
106
365
829
928
806
113
580
504
502
523
688
673
280
152
065
783
998
896
640
468
877
676
716
873
977
120
085
111
673
634
481
944
657
259
765
151
955
264
767
674
436
024
909
148
420
264
449
291
691
633
122
343
860
412
031
785
103
194
221
456
728
534
148
060
979
978
995
506
485
421
247
675
840
260
550
438
743
158
720
168
818
346
639
747
394
445
959
609
440
614
570
814
788
684
949
758
029
798
665
804
708
642
071
440
268
605
257
998
959
606
821
046
699
708
737
385
880
924
830
231
584
921
132
263
495
560
591
794
301
092
459
463
554
088
923
879
763
801
499
900
806
265
047
569
725
735
155
252
885
400
729
057
353
355
622
942
279
933
889
274
404
938
753
652
158
723
714
549
155
034
438
911
566
758
768
759
505
480
895
021
543
929
064
598
020
444
877
641
241
651
571
696
567
331
249
516
232
717
187
570
059
280
188
675
247
247
351
896
129
748
942
728
161
767
456
139
505
577
632
608
836
077
024
537
356
397
023
846
241
993
899
753
227
295
418
806
551
795
668
776
260
589
187
690
479
268
172
051
217
573
678
203
951
600
569
938
379
834
176
634
358
584
152
966
038
679
271
107
981
853
502
769
477
073
459
977
742
859
016
595
852
911
873
005
276
598
855
549
154
775
586
245
269
836
038
214
644
888
234
765
949
180
039
713
050
089
992
150
219
794
608
222
043
177
587
489
673
390
241
773
077
803
527
159
631
904
807
306
196
726
006
963
371
598
185
363
823
337
840
666
938
444
936
782
984
369
406
177
232
005
073
256
125
141
634
171
420
621
563
913
216
497
979
364
214
504
715
622
918
521
674
625
465
362
865
060
367
205
111
999
455
392
627
644
467
925
056
719
046
688
829
573
091
019
906
762
176
312
874
894
900
076
231
331
352
929
535
704
514
896
730
660
626
560
316
702
477
896
755
813
300
752
214
052
131
031
996
089
989
826
662
323
085
982
339
953
056
679
173
317
362
376
025
308
540
527
368
944
367
093
561
228
494
795
326
517
853
677
984
211
744
111
397
226
948
623
850
848
764
122
780
694
016
365
812
932
187
582
332
199
352
534
132
543
488
175
775
054
706
927
933
288
894
359
106
724
747
676
938
428
613
946
541
726
656
795
064
937
851
894
886
329
208
912
474
957
196
142
578
621
308
680
504
533
203
552
043
049
498
465
316
628
379
485
104
526
925
360
883
555
622
243
471
605
444
053
865
967
409
753
266
711
053
520
508
986
604
565
739
638
084
342
606
041
587
491
845
957
157
211
864
004
026
118
083
759
833
729
258
139
147
025
256
742
029
556
684
602
660
613
912
133
451
197
476
651
317
476
751
988
197
186
388
993
725
370
517
205
496
032
044
982
299
941
838
856
224
540
060
919
961
688
490
049
598
618
723
774
472
352
835
414
585
027
141
986
287
796
357
283
120
078
121
182
970
015
742
451
036
996
696
309
202
642
922
738
339
228
432
385
639
698
182
037
707
742
588
133
828
217
109
054
256
825
520
022
980
703
694
254
087
592
763
354
700
174
859
628
763
991
166
412
826
410
729
007
118
287
093
748
980
499
833
541
114
833
151
634
329
505
988
635
217
366
581
499
772
159
757
081
346
823
555
972
142
241
370
026
956
590
393
924
945
853
186
796
544
222
009
290
345
480
590
583
614
336
602
533
565
651
506
281
525
745
008
323
734
697
775
485
161
761
025
926
736
921
856
770
615
449
148
737
778